0 0 21.162265805 7.55358265
1 0 19.689010105 7.30298986
1 1 35.642264685 -5.560773359999999
1 2 30.85418366 -5.680103259999999
1 3 26.60278864 -6.52734555
1 4 22.9406959 -7.83997445
2 0 18.28941719 6.87340222
2 1 31.033078995 -2.7207217399999983
2 2 27.455172295 -2.63719081
2 3 23.898312105000002 -1.5751546999999988
2 4 23.42476563 -5.787500169999998
3 0 16.87930102 6.443814580000001
3 1 28.328602460000003 0.16706184000000057
3 2 25.108486430000003 0.8711082500000007
3 3 21.667382045 0.2983247300000009
3 4 23.856219085 -3.4844331000000004
4 0 15.479708105 6.02615993
4 1 26.508079345000002 1.7302835300000012
4 2 22.646044760000002 2.231469110000001
4 3 20.467730975000002 1.3722938300000003
4 4 23.898312105000002 -0.7279124099999983
5 0 14.069591935 5.596572290000001
5 1 24.8348818 3.1383763499999997
5 2 21.604242515 3.1622423299999998
5 3 19.215463630000002 3.1145103700000014
5 4 23.65627724 1.0381701100000011
5 5 34.105869455000004 -5.82329914
5 6 28.77057917 -6.610876479999998
6 0 12.66999902 5.16698465
6 2 20.867614665 3.96175266
6 3 18.64720786 3.7469588400000013
6 4 23.203777275 2.62525778
6 5 29.10732333 -3.4725001099999986
6 6 25.266335255 -5.023788809999999
6 7 33.074590465 -8.699149729999998
7 1 21.63581228 5.775567140000001
7 2 20.499300740000002 4.797061960000001
7 3 18.394649740000002 4.391340300000001
7 4 22.35139362 4.283943390000001
7 0 11.017847985000001 4.42713927
7 5 26.66592817 -0.38185569999999913
7 6 23.31953308 -2.374665029999999
7 7 28.170753635 -6.55121153
8 0 9.534069030000001 3.4128351200000004
8 1 20.98337047 6.33641767
8 2 19.983661245 5.477242390000001
8 3 18.26837068 5.13118568
8 4 21.78313785 5.23858259
8 5 24.971684115000002 2.1598711700000006
8 6 21.856800635000003 -0.07159796000000007
8 7 26.192381695 -2.1837371899999987
8 8 25.824067770000003 -7.696778569999999
9 0 8.513313295 2.255335090000001
9 2 19.783719400000003 5.847165080000001
9 3 18.20523115 5.453376410000001
9 4 21.44639369 5.72783518
9 5 23.456335395 3.18610831
9 6 21.078079765000002 2.362732000000001
9 7 24.49813764 -1.4677577899999985
9 8 20.16255658 -5.107319739999998
10 0 7.21895293 0.3699226700000011
10 2 19.604824065000003 6.68247438
10 3 18.342033465 6.181288800000001
10 4 20.678196075000002 6.3960826200000005
10 5 22.70918429 4.64193309
10 6 20.37302168 2.7565206700000005
10 7 23.466858650000002 0.38185566000000115
10 8 18.036859070000002 -2.00474234
11 0 4.945929850000001 -2.0644072899999983
11 1 21.34116114 7.35072182
11 3 19.29964967 7.27912388
11 4 20.30988215 6.777938300000001
11 5 21.80418436 4.880592890000001
11 6 19.86790544 3.544098010000001
11 7 22.719707545000002 2.0405412700000003
11 8 17.857963735000002 1.4916237300000006
12 0 2.136220765 -5.274381599999998
12 3 21.06755651 7.82804142
12 5 20.24674262 7.31492285
12 5 21.29906812 4.820927940000001
12 6 19.38383571 4.52260319
12 7 22.16197503 3.0667784100000013
12 8 17.521219575 3.0548454200000013
13 4 21.099126275 7.3984537800000005
13 5 20.446684465 5.35791249
13 6 18.952382255 5.08345372
13 7 21.962033185 3.663427910000001
13 8 17.82639397 3.7588918300000014
13 9 37.210229680000005 -5.608505319999999
14 5 19.931044970000002 6.109690860000001
14 6 18.762963665 5.88296405
14 7 21.583196005 4.61806711
14 8 17.4686033 4.820927940000001
14 9 32.4116254 -3.914020739999998
14 10 30.328020910000003 -7.219458969999998
15 5 19.97313799 6.3006187
15 6 18.79453343 5.91876302
15 7 20.909707685 5.20278362
15 8 17.394940515000002 5.620438270000001
15 9 29.02313729 -0.6801804499999999
15 10 25.792498005000002 -5.369845519999998
16 5 20.73081235 6.801804280000001
16 6 19.015521785 6.419948600000001
16 7 20.194126345 5.441443420000001
16 8 17.59488236 6.27675272
16 9 26.823776995000003 1.3245618700000001
16 10 23.55104469 -2.3985310099999992
16 11 32.74836956 -4.546469209999998
16 12 17.205521925 -5.489175419999999
16 13 10.249650370000001 -5.656237279999999
17 5 21.309591375 6.86146923
17 7 19.773196145 6.27675272
17 8 18.16313813 6.61087644
17 9 25.255812000000002 2.7087887100000003
17 10 22.298777345 0.38185566000000115
17 11 29.138893095 -1.5751546999999988
17 12 17.458080045 -3.544098049999999
17 13 12.154359525 -1.7899485199999994
18 5 21.477963455 7.23139192
18 7 20.551917015 6.63474242
18 8 19.80476591 6.98079913
18 9 23.856219085 3.89015472
18 10 21.08860302 1.9928093100000002
18 11 26.644881660000003 0.7398453600000003
18 12 16.616219645 -0.7517783899999984
18 13 14.059068680000001 0.9069072200000008
19 9 22.62499825 4.59420113
19 11 25.12953294 2.326933030000001
19 10 20.33092866 2.8161856200000006
19 12 15.76383599 1.014304130000001
20 9 21.898893655000002 5.4175774400000005
20 10 19.931044970000002 4.128814520000001
20 11 23.750986535000003 3.4725000700000006
20 12 14.58523143 2.7923196400000005
20 13 15.753312735000002 3.84242276
21 9 21.246451845 6.01422694
21 10 19.604824065000003 4.68966505
21 11 22.572381975000003 4.260077410000001
21 12 14.395812840000001 3.7827578099999997
21 13 15.795405755 4.797061960000001
22 10 19.320696180000002 5.32211352
22 11 21.23592859 4.880592890000001
22 13 16.532033605000002 5.33404651
22 12 14.85883606 4.66579907
22 9 20.604533290000003 7.21945893
23 9 21.59371926 6.62280943
23 10 19.352265945 5.88296405
23 11 20.77290537 5.7517011600000005
23 12 15.490231360000001 5.4056444500000005
23 13 17.4686033 6.0858248800000005
24 10 19.920521715 6.64667541
24 11 20.720289095000002 6.03809292
24 12 16.47941733 6.02615993
24 13 18.552498565 6.52734551
25 11 20.43616121 6.491546540000001
25 12 17.752731185000002 6.455747570000001
26 11 21.414823925 6.801804280000001
26 12 19.27860316 6.86146923
26 14 20.425637955 7.446185740000001
27 12 21.014940235 7.088196040000001
27 14 18.994475275 7.23139192
28 14 17.921103265 7.17172697
29 14 17.23709169 7.0404640800000005
30 14 16.363661525 6.61087644
30 15 20.046800775 7.458118730000001
30 16 21.477963455 7.54164966
30 17 36.09476465 -6.55121153
31 14 15.42709183 6.20515478
31 15 18.552498565 7.32685584
31 16 20.572963525000002 7.458118730000001
31 17 30.001800005 -4.283943429999997
32 14 14.774650020000001 5.7517011600000005
32 15 17.500173065000002 6.86146923
32 16 19.478545005 7.30298986
32 17 26.45546307 -0.8591752999999986
33 14 14.006452405000001 5.38177847
33 15 16.33209176 6.55121149
33 16 18.405172995 7.0523970700000005
33 17 23.90883536 1.0620360900000012
33 18 14.58523143 -6.01422698
34 14 13.164592005000001 4.952190830000001
34 15 15.521801125000001 6.24095375
34 16 17.479126555 6.766005310000001
34 17 22.761800565 2.315000040000001
34 18 16.26895223 -2.887783599999999
34 19 35.663311195 -6.62280947
35 14 12.45953392 4.283943390000001
35 15 14.35371982 5.7517011600000005
35 16 16.605696390000002 6.59894345
35 17 16.952963805 -0.035798989999999975
35 18 21.8883704 3.4725000700000006
35 19 30.39116044 -4.53453622
36 14 11.901801405 3.603762960000001
36 15 12.954126905 5.11925269
36 16 15.374475555 6.21708777
36 17 17.573835850000002 1.93314436
36 18 21.351684395 4.55840216
36 19 27.791916455000003 -0.6682474599999999
36 20 29.622962825000002 -6.539278539999998
37 14 11.375638655000001 2.52979386
37 15 11.838661875 5.28631455
37 16 13.943312875 5.596572290000001
37 17 17.889533500000002 3.4128351200000004
37 18 20.657149565 5.28631455
37 19 26.118718910000002 0.9307732000000009
37 20 27.812962965 -4.009484659999998
37 21 23.056451705 -7.171727009999998
38 14 10.859999160000001 1.4319587800000004
38 15 11.02837124 4.856726910000001
38 16 12.722615295 5.20278362
38 17 17.984242795 4.331675350000001
38 18 20.70976584 5.656237240000001
38 19 24.340288815 2.0524742600000003
38 20 26.0976724 -1.5990206799999989
38 21 20.972847215 -5.226649639999998
38 22 15.395522065000002 -6.539278539999998
38 23 36.715636695 -5.23858263
39 21 19.53116128 -2.1121392499999985
39 14 10.070755035000001 -0.01193300999999991
39 15 9.6813946 4.06914957
39 16 11.628196775000001 4.46293824
39 17 18.036859070000002 5.2266496
39 18 20.509823995 6.0738918900000005
39 19 22.993312175 3.20997429
39 20 24.6244167 0.4653865900000014
39 22 15.711219715 -4.53453622
39 23 32.906218385 -2.1718041999999986
39 24 35.715927470000004 -7.267190929999998
40 14 8.723778395 -1.9212114099999997
40 15 8.281801685 1.5393556900000007
40 16 10.491685235 3.7469588400000013
40 17 18.573545075000002 5.835232090000001
40 18 20.657149565 6.431881590000001
40 19 21.930463420000002 3.96175266
40 20 23.077498215000002 2.1956701400000007
40 21 18.89976598 0.322190710000001
40 22 15.42709183 -1.1217010799999994
40 23 30.117555810000002 0.8591752600000007
40 24 29.938660475000002 -5.345979539999998
41 14 7.376801755000001 -4.689665089999998
41 15 5.209011225 -1.6944845999999991
41 16 9.228894635 2.959381500000001
41 17 19.320696180000002 6.443814580000001
41 19 20.867614665 4.65386608
41 20 21.63581228 3.3531701700000003
41 21 18.394649740000002 2.1479381800000006
41 22 14.848312805 0.9546391800000009
41 23 27.539358335000003 2.303067050000001
41 24 26.213428205 -2.4343299799999976
42 14 5.91406931 -6.13355688
42 15 1.7994766050000002 -5.131185719999998
42 16 8.123952860000001 1.8615464199999998
42 19 20.173079835 6.109690860000001
42 20 21.035986745000002 4.248144420000001
42 21 18.089475345 3.23384027
42 22 14.47999888 2.51786087
42 23 25.361044550000003 2.6013918
42 24 23.877265595 -0.23865981999999875
42 25 32.359009125 -5.811366149999998
43 14 3.1254067350000003 -8.269562089999997
43 16 7.040057595 0.5847164899999999
43 20 20.394068190000002 4.940257840000001
43 21 18.036859070000002 4.0810825600000005
43 22 14.743080255 3.7111598700000012
43 23 24.003544655000002 3.3889691400000004
43 24 22.26720758 1.622886620000001
43 25 28.423311755 -3.233840309999998
44 16 5.629941425 -1.2410309799999997
44 20 20.05732403 5.787500130000001
44 21 17.84744048 4.964123820000001
44 22 15.006161630000001 4.773195980000001
44 23 22.83546335 4.164613490000001
44 24 20.930754195000002 2.8161856200000006
44 25 25.645172435000003 -0.5608505499999996
45 26 36.526218105 -5.811366149999998
45 16 3.7883718 -3.6753609399999974
45 19 20.825521645000002 6.99273212
45 20 19.604824065000003 6.56314448
45 22 15.290289515000001 5.596572290000001
45 21 17.91058001 5.513041360000001
45 23 22.046219225 4.976056810000001
45 24 20.37302168 3.8185567799999998
45 25 23.52999818 1.5274227000000007
46 16 2.346685865 -6.193221829999999
46 20 19.88895195 6.7063403600000004
46 21 17.963196285000002 5.97842797
46 22 16.05848713 6.0619589000000005
46 27 20.825521645000002 -5.739768209999998
46 28 24.81383529 -7.13592804
46 29 37.61011337 -7.481984749999999
46 23 20.92023094 5.501108370000001
46 24 19.53116128 4.5106702
46 25 22.47767268 2.7326546900000004
46 26 30.969939465000003 -3.6037630000000007
47 20 21.035986745000002 7.17172697
47 21 18.784010175000002 6.67054139
47 22 17.23709169 6.491546540000001
47 23 20.12046356 5.88296405
47 24 19.225986885 5.441443420000001
47 25 21.330637885 3.7827578099999997
47 26 28.002381555 -0.6085825099999997
47 27 19.268079905 -2.983247519999999
47 28 22.435579660000002 -4.65386612
47 29 32.05383473 -5.680103259999999
48 21 20.541393760000002 7.58938162
48 22 18.89976598 7.7087115200000005
48 23 19.88895195 6.31255169
48 24 18.826103195 6.36028365
48 25 20.467730975000002 5.27438156
48 26 25.99243985 1.7780154900000014
48 27 18.573545075000002 -0.16706187999999855
48 28 21.014940235 -0.8949742699999987
48 29 28.6232536 -2.1837371899999987
48 30 36.136857670000005 -6.276752759999997
49 23 20.467730975000002 6.99273212
49 24 18.98395202 6.5392785
49 25 19.983661245 5.680103220000001
49 26 24.256102775000002 3.3651031600000003
49 27 17.963196285000002 1.8854123999999999
49 28 20.036277520000002 1.30069589
49 29 26.26604448 0.62051546
49 30 32.03278822 -4.65386612
49 31 24.24557952 -6.06195894
50 32 3.3358718350000003 -4.200412499999999
50 33 19.38383571 8.05476823
50 24 19.931044970000002 7.48198471
50 25 19.51011477 5.7159021899999995
50 26 23.27744006 4.7493300000000005
50 27 17.55278934 3.25770625
50 28 19.13127759 2.7087887100000003
50 29 24.171916735 1.4319587800000004
50 30 29.370404705000002 -1.682551609999999
50 31 22.20406805 -3.6753609399999974
51 24 21.035986745000002 6.86146923
51 25 19.573254300000002 6.097757870000001
51 26 22.404009895 5.703969200000001
51 27 16.468894075 4.391340300000001
51 28 18.0999986 3.98561864
51 29 22.70918429 2.8042526300000006
51 30 27.17104441 0.1789948300000006
51 31 21.057033255 -0.69211344
51 32 6.829592495 -1.4438918099999984
51 33 18.615638095 7.56551564
52 25 20.183603090000002 6.7302063400000005
52 26 21.95150993 5.477242390000001
52 27 15.91116156 5.20278362
52 28 16.963487060000002 4.820927940000001
52 29 21.541102985000002 3.5321650200000008
52 31 19.9941845 1.30069589
52 30 25.57150965 1.7302835300000012
52 32 9.481452755000001 0.5727834999999999
52 33 17.80534746 6.93306717
53 26 21.330637885 6.0619589000000005
53 27 16.111103405 5.823299100000001
53 28 17.173952160000002 5.4295104300000006
53 29 20.92023094 4.355541330000001
53 30 24.424474855 2.6849227300000003
53 31 19.468021750000002 2.66105675
53 32 11.28092936 1.8615464199999998
53 33 16.658312665 7.19559295
54 26 21.183312315000002 6.62280943
54 27 17.426510280000002 6.3841496300000005
54 28 18.194707895 6.169355810000001
54 29 20.58348678 4.892525880000001
54 30 23.309009825 3.7230928600000013
54 31 19.44697524 3.7469588400000013
54 32 12.827847845 3.0906443900000014
54 33 15.248196495 6.0619589000000005
54 34 25.255812000000002 -5.40564449
55 35 30.759474365000003 -6.861469269999997
55 27 18.54197531 7.55358265
55 28 19.457498495 7.21945893
55 29 20.4151147 5.572706310000001
55 30 22.24616107 4.331675350000001
55 31 19.183893865 4.72546402
55 32 13.817033815 3.97368565
55 33 13.838080325 6.32448468
55 34 23.098544725 -3.7588918699999994
56 27 20.425637955 8.197964110000001
56 28 20.993893725 7.0643300600000005
56 29 20.183603090000002 5.799433120000001
56 30 21.80418436 5.3459795
56 31 19.331219435 5.23858259
56 32 14.679940725 4.72546402
56 33 12.659475765 4.928324850000001
56 34 21.919940165 -0.9427062299999989
56 35 27.297323470000002 -4.940257879999997
57 29 20.551917015 6.52734551
57 30 21.362207650000002 5.90683003
57 31 19.59430081 5.90683003
57 32 15.479708105 5.3459795
57 33 11.880754895 4.188479470000001
57 34 20.81499839 0.6443814400000001
57 35 25.350521295 -1.670618619999999
58 30 21.035986745000002 6.34835066
58 32 16.342615015 5.823299100000001
58 33 11.186220065 3.591829970000001
58 34 20.07837054 1.634819610000001
58 35 24.108777205000003 0.59664948
58 31 20.2046496 6.92113418
59 32 17.626452125 6.181288800000001
59 33 11.038894495000001 2.338866020000001
59 34 19.19441712 3.4128351200000004
59 31 20.825521645000002 6.26481973
59 35 23.13011449 2.1837371500000007
59 36 18.805056685 7.60131461
59 37 35.10557868 -7.589381659999997
60 36 17.184475415 7.17172697
60 37 29.52825353 -5.322113559999998
60 32 19.08918457 6.87340222
60 33 10.344359665 0.9307732000000009
60 31 21.183312315000002 6.96886614
60 34 18.720870645 3.90208771
60 35 22.025172715 3.32930419
60 38 20.320405405000002 7.6967785300000005
61 35 21.372730905 3.97368565
61 38 18.615638095 7.60131461
61 34 18.45778927 4.70159804
61 33 9.797150405 -1.0501031399999992
61 36 15.932208070000001 6.801804280000001
61 37 26.16081193 -2.601391839999998
62 35 20.867614665 4.820927940000001
62 38 16.826684745 7.35072182
62 34 18.43674276 5.25051558
62 33 8.43965051 -3.937886719999998
62 36 14.700987235000001 6.34835066
62 37 23.52999818 0.1789948300000006
62 39 20.52034725 7.6967785300000005
63 33 7.23999944 -5.536907379999999
63 36 13.65918499 6.21708777
63 37 21.99360295 1.96894333
63 39 19.215463630000002 7.33878883
63 38 15.542847635000001 7.0165981
63 34 18.594591585 5.799433120000001
63 35 20.26778913 5.596572290000001
63 40 30.60162554 -7.076263089999998
64 40 25.95034683 -5.1431187099999995
64 41 18.01581256 -5.632371299999999
64 42 34.495229890000005 -6.52734555
64 43 20.92023094 7.88770637
64 34 19.04709155 6.32448468
64 35 20.07837054 6.0500259100000005
64 36 12.60685949 5.668170230000001
64 37 20.888661175 2.935515520000001
64 38 14.174824485 6.57507747
64 39 17.82639397 7.0643300600000005
65 44 21.120172785 8.03090225
65 34 19.667963595 6.58701046
65 35 20.35197517 6.7063403600000004
65 36 12.112266505000001 5.13118568
65 37 20.951800705 4.0810825600000005
65 38 13.0488362 6.28868571
65 39 17.0476731 6.789871290000001
65 43 19.425928730000003 8.00703627
65 40 23.69837026 -1.670618619999999
65 41 16.605696390000002 -4.14074755
65 42 29.71767212 -5.095386749999999
66 36 11.943894425 4.60613412
66 37 21.246451845 5.1073197
66 38 12.270115330000001 6.097757870000001
66 39 16.2058127 6.57507747
66 40 22.214591305000003 0.8949742300000008
66 41 16.195289445 -1.2768299499999998
66 42 26.781683975 -2.4939949299999995
66 43 18.173661385 7.3745878000000005
66 44 19.825812420000002 7.18365996
67 44 18.92081249 7.112062020000001
67 43 16.910870785 7.15979398
67 36 11.17569681 3.8066237899999997
67 37 20.636103055 6.097757870000001
67 38 11.84918513 5.90683003
67 39 15.363952300000001 6.52734551
67 40 21.214882080000002 2.4104639600000013
67 41 16.03744062 0.5608505100000016
67 42 24.72964925 0.03579895000000022
67 45 27.034242095 -5.071520769999999
67 46 30.05441628 -4.7612630299999985
68 40 20.68871933 3.9140207
68 41 15.826975520000001 1.7302835300000012
68 42 23.645753985000002 1.2887629
68 45 25.750404985 -2.255335129999999
68 46 28.03395132 -2.243402139999999
68 36 10.660057315000001 2.8639175800000007
68 37 20.604533290000003 6.6586084
68 38 11.28092936 5.25051558
68 39 14.66941747 6.22902076
68 43 16.047963875 7.088196040000001
68 44 18.047382325 6.58701046
69 36 10.144417820000001 1.7899484800000014
69 37 20.56244027 6.479613550000001
69 38 10.596917785 4.116881530000001
69 39 14.14325472 4.67773206
69 43 15.248196495 7.0404640800000005
69 44 17.037149845000002 6.34835066
69 40 20.067847285 4.49873721
69 41 15.774359245000001 3.030979440000001
69 42 22.067265735 2.63719077
69 45 23.666800495 -0.20286084999999865
69 46 26.444939815 0.08353091000000035
69 47 33.158776505 -6.825670299999999
70 36 9.755057385 0.1431958600000005
70 37 21.53057973 7.20752594
70 38 10.091801545000001 3.030979440000001
70 39 13.2593013 4.260077410000001
70 43 14.616801195 6.27675272
70 44 16.31104525 6.34835066
70 40 19.920521715 5.26244857
70 41 16.069010385000002 3.92595369
70 42 21.604242515 3.675360900000001
70 45 22.867033115 0.20286081000000067
70 46 24.445521365 2.1598711700000006
70 47 26.26604448 -3.2219073199999997
71 36 8.79744118 -2.0286083199999982
71 38 9.59720856 3.3889691400000004
71 39 12.827847845 3.1383763499999997
71 40 19.59430081 5.859098070000001
71 41 16.553080115 4.72546402
71 42 20.94127745 5.513041360000001
71 43 13.795987305 5.97842797
71 44 15.164010455000001 5.489175380000001
71 48 21.48848671 7.93543833
71 47 21.53057973 0.5489175200000016
71 45 22.214591305000003 3.699226880000001
71 46 23.498428415 2.923582530000001
72 36 7.30313897 -5.47724243
72 38 8.31337145 1.5512886800000008
72 39 12.470057175 2.0763402400000004
72 43 12.890987375 5.763634150000001
72 44 14.71151049 4.832860930000001
72 41 16.79511498 5.36984548
72 48 20.341451915 7.768376470000001
72 40 19.76267289 6.503479530000001
72 42 20.362498425000002 4.999922790000001
72 45 21.004416980000002 3.639561930000001
72 46 22.60395174 3.92595369
72 47 18.741917155 2.8519845900000007
73 36 4.54604616 -7.338788869999998
73 38 6.577034375 -1.1097680899999993
73 39 12.007033955 0.8233762900000006
73 40 20.899184430000002 7.135928000000001
73 41 16.805638235 5.608505280000001
73 42 19.95209148 6.169355810000001
73 43 11.72290607 5.87103106
73 44 14.35371982 4.0810825600000005
73 48 18.741917155 6.95693315
73 45 20.446684465 4.5106702
73 46 22.14092852 4.66579907
73 47 18.01581256 4.319742360000001
74 38 4.830174045000001 -5.369845519999998
74 39 11.501917715000001 -1.4200258299999984
74 43 10.79685963 4.844793920000001
74 44 14.111684955000001 3.1622423299999998
74 41 16.616219645 6.19322179
74 42 19.72057987 6.95693315
74 45 20.036277520000002 4.976056810000001
74 46 21.562149495 5.047654750000001
74 47 18.089475345 5.36984548
74 48 17.55278934 7.57744863
75 39 10.617964295 -4.498737249999998
75 43 10.281220135 3.9975516300000002
75 44 14.12220821 2.0882732300000004
75 48 16.05848713 6.51541252
75 41 17.36337075 6.34835066
75 45 20.036277520000002 5.32211352
75 46 21.351684395 5.644304250000001
75 47 18.394649740000002 5.97842797
76 39 8.355464470000001 -6.587010499999998
76 43 9.986568995 2.6729897400000002
76 44 13.97488264 0.9188402100000008
76 48 14.83778955 6.27675272
76 49 33.632322980000005 -5.5011084100000005
76 41 18.20523115 6.69440737
76 45 19.74162638 6.097757870000001
76 46 21.08860302 5.90683003
77 49 29.654532590000002 -2.4820619399999977
77 43 8.73430165 1.3722938300000003
77 44 13.838080325 -1.2648969599999997
77 48 14.45895237 5.656237240000001
77 41 19.1523241 7.422319760000001
77 45 19.573254300000002 6.443814580000001
77 46 20.846568155 6.491546540000001
78 43 6.86116226 0.7279123700000003
78 44 13.585522205 -4.1884795100000005
78 48 14.059068680000001 5.1073197
78 45 20.24674262 6.813737270000001
78 46 21.435870435000002 6.62280943
78 49 26.550172365 -0.035798989999999975
78 50 35.052962405 -6.205154819999997
79 43 5.040639145 -3.6276289799999972
79 44 12.24906882 -6.67054143
79 48 13.564475695 4.343608340000001
79 49 24.403428345000002 1.670618580000001
79 50 28.907381485000002 -2.350799049999999
79 45 21.520056475 7.00466511
80 51 29.370404705000002 -5.393711499999998
80 52 21.04651 7.6132476
80 43 2.367732375 -5.7159022299999975
80 48 13.375057105 3.687293890000001
80 49 22.98278892 2.8519845900000007
80 50 24.39290509 0.7875773200000005
81 48 12.722615295 2.8042526300000006
81 49 22.256684325000002 4.964123820000001
81 50 22.319823855 2.61332479
81 51 24.24557952 -0.5131185899999995
81 52 19.373312455 7.3984537800000005
81 53 21.414823925 7.81610843
82 54 21.372730905 7.81610843
82 55 22.951219155 -5.083453759999998
82 48 12.522673450000001 1.610953630000001
82 49 21.84627738 4.7373970100000005
82 50 21.646335535000002 3.663427910000001
82 51 20.12046356 2.66105675
82 52 18.194707895 7.17172697
82 53 20.109940305000002 7.56551564
83 56 21.109649530000002 8.00703627
83 48 12.35430137 -0.17899486999999858
83 49 21.562149495 5.99036096
83 50 20.73081235 4.976056810000001
83 51 18.889242725000003 4.140747510000001
83 52 17.44755679 6.98079913
83 53 18.81557994 7.27912388
83 54 20.141510070000002 7.48198471
83 55 21.456916945 0.2983247300000009
84 48 11.84918513 -2.4820619399999977
84 49 20.972847215 6.491546540000001
84 50 19.9941845 5.823299100000001
84 51 18.363079975 5.31018053
84 52 16.405754545 6.491546540000001
84 53 17.61592887 6.99273212
84 54 18.868196215 7.112062020000001
84 55 20.615056545 2.7565206700000005
84 56 19.689010105 7.780309460000001
85 48 11.270406105000001 -5.548840369999997
85 49 20.8360449 6.21708777
85 50 19.29964967 6.0500259100000005
85 52 15.51127787 5.823299100000001
85 53 16.426801055000002 6.61087644
85 54 17.36337075 6.33641767
85 55 19.962614735000002 4.5106702
85 56 18.036859070000002 7.112062020000001
85 57 20.73081235 7.9712373
86 48 10.502208490000001 -7.720644549999999
86 49 21.08860302 6.62280943
86 52 14.848312805 5.31018053
86 53 15.374475555 6.7302063400000005
86 54 16.963487060000002 5.95456199
86 55 19.48906826 5.3459795
86 56 16.33209176 7.00466511
86 57 19.25755665 7.60131461
87 52 13.932789620000001 4.7373970100000005
87 53 14.679940725 6.26481973
87 54 16.710928940000002 5.513041360000001
87 55 19.878428695 6.0500259100000005
87 56 15.290289515000001 6.58701046
87 57 18.257847425 6.56314448
88 52 13.343487340000001 3.615695950000001
88 53 13.817033815 5.775567140000001
88 54 16.342615015 4.71353103
88 55 20.68871933 6.52734551
88 56 14.532615155 6.22902076
88 57 17.679068400000002 6.0858248800000005
89 52 12.470057175 2.6013918
89 53 13.30139432 4.57033515
89 54 16.39523129 3.97368565
89 56 13.78546405 5.572706310000001
89 57 17.61592887 5.644304250000001
90 52 11.1546503 1.3961598100000003
90 53 12.66999902 3.4247681100000005
90 54 16.510987095 2.8400516000000007
90 56 13.2593013 4.916391860000001
90 57 17.48964981 5.059587740000001
90 58 20.92023094 7.23139192
91 52 10.20755735 -0.8114433399999985
91 53 11.95441768 2.51786087
91 54 16.889824275000002 1.7899484800000014
91 56 12.81732459 4.176546480000001
91 57 17.889533500000002 4.176546480000001
91 58 20.299358895 7.135928000000001
92 52 8.997383025 -4.427139309999998
92 53 10.838952650000001 0.9427061900000009
92 56 11.9965107 3.556031000000001
92 54 17.321277730000002 -0.035798989999999975
92 57 17.542266085 4.164613490000001
92 58 19.478545005 6.789871290000001
93 52 7.28209246 -6.992732159999999
93 53 9.755057385 -1.36036088
93 54 16.858254510000002 -3.0548454599999992
93 56 10.954708455 3.4128351200000004
93 57 17.44755679 2.62525778
93 58 18.43674276 6.52734551
94 53 7.59779011 -5.45337645
94 54 16.405754545 -6.193221829999999
94 56 9.734010875000001 0.8949742300000008
94 57 17.268661455 1.0859020700000013
94 58 17.542266085 6.121623850000001
95 53 5.019592635 -7.505850729999999
95 54 16.22685921 -9.260000259999998
95 56 8.43965051 -2.2195361599999988
95 57 16.837208 -1.8734794499999996
95 58 16.595173135 5.859098070000001
96 56 6.156104175 -5.33404655
96 57 16.595173135 -5.4175774799999985
96 58 15.669126695000001 5.07152073
97 56 3.020174185 -7.577448669999999
97 57 17.23709169 -7.83997445
97 58 15.185056965000001 4.403273290000001
98 58 14.574708175000001 3.639561930000001
98 59 20.857091410000002 7.17172697
99 58 14.269533780000001 2.7684536600000005
99 59 20.215172855000002 7.00466511
100 58 13.680231500000001 1.25296393
100 59 19.573254300000002 6.62280943
100 60 20.804475135 7.0762630500000006
100 61 21.541102985000002 7.02853109
101 58 13.880173345000001 -0.4057216799999992
101 59 18.98395202 6.503479530000001
101 60 20.130986815 6.69440737
101 61 21.02546349 6.64667541
102 58 14.20639425 -3.544098049999999
102 59 18.33151021 6.145489830000001
102 60 19.625870575 6.479613550000001
102 61 20.43616121 6.121623850000001
103 58 14.722033745000001 -6.3483506999999975
103 59 17.48964981 5.680103220000001
103 61 19.51011477 5.620438270000001
103 62 21.309591375 7.15979398
103 63 37.536450585000004 -6.145489869999999
104 58 16.47941733 -9.403196139999999
104 59 16.79511498 5.29824754
104 61 18.868196215 4.797061960000001
104 62 20.68871933 6.96886614
104 63 32.485288185 -4.04528363
105 59 16.28999874 4.856726910000001
105 60 19.141800845000002 4.880592890000001
105 61 18.405172995 3.7469588400000013
105 62 19.825812420000002 6.6586084
105 63 29.086276820000002 -0.990438189999999
106 59 16.174242935000002 3.96175266
106 60 19.057614805 4.343608340000001
106 61 18.299940445 2.4223969500000013
106 62 18.962905510000002 6.67054139
106 63 27.118428135000002 1.2171649599999999
107 59 15.900638305000001 3.4367011000000005
107 60 18.58406833 4.224278440000001
107 61 18.5209288 0.5608505100000016
107 62 18.320986955000002 6.68247438
107 63 25.48732361 2.7326546900000004
108 59 15.953254580000001 2.4701289100000015
108 60 18.636684605 2.7684536600000005
108 61 19.29964967 -2.350799049999999
108 62 18.0999986 5.89489704
108 63 23.919358615 3.687293890000001
108 64 21.08860302 7.2552579
109 59 15.63755693 1.5870876500000008
109 60 18.79453343 1.7064175500000012
109 61 20.257265875 -5.536907379999999
109 62 17.784300950000002 5.13118568
109 63 22.646044760000002 4.49873721
109 64 20.236219365 7.0404640800000005
109 65 21.320114630000003 7.54164966
110 61 22.393486640000003 -8.806546639999997
110 59 15.837498775 -0.21479383999999868
110 60 19.773196145 -1.999999987845058e-08
110 62 17.38441726 4.52260319
110 63 21.772614595 5.25051558
110 64 19.320696180000002 6.825670260000001
110 65 20.036277520000002 7.6132476
111 59 15.826975520000001 -2.5894588499999998
111 60 21.08860302 -1.9450773899999998
111 62 17.205521925 4.0930155500000005
111 63 21.288544865000002 5.668170230000001
111 64 18.41569625 6.55121149
111 65 18.92081249 7.470051720000001
111 66 20.888661175 6.99273212
112 59 15.40604532 -5.536907379999999
112 60 22.22511456 -5.548840369999997
112 62 17.142382395000002 2.911649540000001
112 63 21.109649530000002 6.19322179
112 64 17.605405615000002 6.55121149
112 65 17.679068400000002 7.87577338
112 66 19.69953336 6.32448468
113 59 14.01697566 -7.23139196
113 60 23.940405125 -7.3865208299999985
113 62 17.121335885 2.0286082800000003
113 63 21.309591375 6.491546540000001
113 64 16.75302196 6.097757870000001
113 65 16.52151035 7.57744863
113 66 19.625870575 5.96649498
114 62 17.44755679 0.6682474200000001
114 64 15.563894145 5.27438156
114 65 16.16371968 6.93306717
114 66 19.941568225 5.441443420000001
114 67 21.467440200000002 7.81610843
115 62 17.458080045 -1.3722938699999983
115 64 15.111394180000001 4.844793920000001
115 65 15.605987165 6.27675272
115 66 20.05732403 4.785128970000001
115 67 20.68871933 7.67291255
116 68 35.305520525 -6.312551729999999
116 62 17.74220793 -3.94981971
116 64 14.12220821 4.367474320000001
116 65 15.563894145 5.656237240000001
116 66 20.067847285 4.00948462
116 67 19.689010105 7.64904657
117 62 19.141800845000002 -6.396082659999998
117 64 13.648661735000001 3.591829970000001
117 65 15.774359245000001 5.29824754
117 66 19.815289165 3.3770361500000003
117 67 18.636684605 7.52971667
117 68 30.76999762 -4.307809409999997
118 62 22.256684325000002 -9.31966521
118 64 12.975173415 2.6968557200000003
118 65 15.76383599 4.58226814
118 66 19.84685893 2.315000040000001
118 67 17.63697538 7.434252750000001
118 68 28.223369910000002 -1.3842268599999983
119 64 12.049126975 1.658685590000001
119 65 16.05848713 4.00948462
119 66 19.541684535 0.9069072200000008
119 67 16.710928940000002 7.27912388
119 68 26.402846795000002 0.7159793800000003
120 64 10.965231710000001 0.322190710000001
120 65 16.47941733 3.18610831
120 66 19.320696180000002 -0.9307732399999988
120 67 16.111103405 7.434252750000001
120 68 24.540230660000002 2.231469110000001
121 64 10.302266645000001 -1.34842789
121 65 16.574126625 2.3865979800000012
121 66 19.141800845000002 -3.890154759999998
121 67 16.026917365 7.434252750000001
121 68 22.951219155 3.25770625
122 69 37.010287835 -6.300618739999997
122 64 9.59720856 -3.985618679999998
122 65 16.826684745 1.8734794099999998
122 66 18.215754405000002 -6.658608439999998
122 67 16.026917365 7.26719089
122 68 21.709475065 4.116881530000001
123 64 8.39755749 -5.94262904
123 65 16.595173135 -0.5489175599999996
123 66 18.12104511 -9.653788929999997
123 67 15.963777835 7.31492285
123 68 21.15174255 4.844793920000001
123 69 31.61185802 -4.236211470000001
124 64 5.945639075 -7.672912589999999
124 65 15.669126695000001 -2.8400516399999987
124 67 15.97430109 7.23139192
124 68 20.56244027 5.501108370000001
124 69 28.05499783 -1.2648969599999997
125 65 14.47999888 -4.976056849999999
125 67 15.963777835 7.26719089
125 68 20.109940305000002 5.90683003
125 69 25.350521295 0.5250515400000015
125 70 21.13069604 7.29105687
126 65 12.427964155 -6.968866179999999
126 67 15.942731325 7.2552579
126 68 20.12046356 6.33641767
126 69 23.9930214 2.1360051900000006
126 70 19.9941845 7.50585069
127 67 15.97430109 7.23139192
127 68 20.783428625000003 6.52734551
127 69 23.266916805 3.3651031600000003
127 70 19.27860316 7.0404640800000005
128 67 15.91116156 7.19559295
128 69 22.393486640000003 4.319742360000001
128 70 18.594591585 6.87340222
129 67 15.605987165 7.135928000000001
129 69 21.541102985000002 4.964123820000001
129 70 17.815870715 6.28868571
129 71 21.08860302 8.06670122
129 72 21.625289025 7.99510328
130 67 15.595463910000001 7.0404640800000005
130 69 20.825521645000002 5.668170230000001
130 70 17.27918471 5.93069601
130 71 20.33092866 8.162165139999999
130 72 20.888661175 7.80417544
131 67 15.374475555 7.0404640800000005
131 69 20.87813792 6.22902076
131 70 17.11081263 5.596572290000001
131 71 19.478545005 8.03090225
131 72 19.899475205 7.2552579
132 67 14.827266295000001 6.777938300000001
132 70 16.700405685 5.035721760000001
132 69 21.08860302 6.6586084
132 71 18.68930088 7.58938162
132 72 19.34174269 7.0762630500000006
133 67 14.364243075000001 6.68247438
133 70 16.721452195 4.343608340000001
133 71 18.16313813 7.35072182
133 72 18.81557994 7.100129030000001
134 67 13.63813848 6.3006187
134 70 16.679359175000002 3.7230928600000013
134 71 17.584359105 7.21945893
134 72 18.45778927 6.94500016
134 73 21.53057973 7.434252750000001
135 67 13.28034781 6.181288800000001
135 70 16.721452195 2.54172685
135 71 17.458080045 7.00466511
135 72 18.605114840000002 6.84953624
135 73 20.81499839 7.2552579
135 74 34.62150895 -6.7302063799999985
136 67 12.954126905 5.91876302
136 70 16.56360337 1.4319587800000004
136 71 17.27918471 6.95693315
136 72 18.394649740000002 6.789871290000001
136 73 20.088893795 7.21945893
136 74 30.76999762 -5.226649639999998
137 67 12.56476647 5.572706310000001
137 70 16.721452195 -0.27445878999999884
137 71 17.00558008 6.83760325
137 72 18.22627766 6.64667541
137 73 20.004707755000002 7.02853109
137 74 28.486451285 -2.4223969899999993
138 67 12.18592929 5.26244857
138 70 16.616219645 -2.601391839999998
138 71 16.66883592 6.431881590000001
138 72 17.900056755 6.3841496300000005
138 73 20.09941705 6.93306717
138 74 26.907963035 -0.19092785999999862
139 67 12.007033955 4.916391860000001
139 70 16.447847565 -5.35791253
139 71 16.45837082 6.36028365
139 72 17.80534746 6.145489830000001
139 73 20.173079835 6.455747570000001
139 74 25.203195725 1.2290979499999999
140 67 11.733429325000001 4.48680422
140 70 16.826684745 -7.39845382
140 71 16.069010385000002 6.19322179
140 72 17.542266085 5.89489704
140 73 20.004707755000002 6.03809292
140 74 24.024591165 2.56559283
140 75 21.499009965000003 7.27912388
141 67 11.438778185 4.04528359
141 71 15.97430109 5.847165080000001
141 72 17.36337075 5.703969200000001
141 73 19.646917085000002 5.608505280000001
141 74 23.224823785 3.579896980000001
141 75 21.078079765000002 7.0643300600000005
142 67 11.312499125 3.85435575
142 71 16.10058015 5.29824754
142 72 17.426510280000002 5.2266496
142 74 22.635521505 4.391340300000001
142 75 20.58348678 7.088196040000001
142 73 19.1523241 5.15505166
142 76 21.162265805 7.95930431
143 67 11.312499125 3.3770361500000003
143 71 15.774359245000001 5.25051558
143 72 17.458080045 5.15505166
143 73 18.889242725000003 4.52260319
143 74 21.751568085000002 4.880592890000001
143 75 19.931044970000002 6.455747570000001
143 76 20.067847285 7.792242450000001
144 73 18.741917155 3.85435575
144 74 21.204358825 5.26244857
144 75 19.29964967 6.157422820000001
144 67 11.754475835000001 3.18610831
144 71 15.774359245000001 4.904458870000001
144 72 17.268661455 4.797061960000001
144 76 19.23651014 7.58938162
145 67 11.628196775000001 2.54172685
145 71 15.86906854 4.43907226
145 72 17.34232424 4.415206280000001
145 73 19.394358965000002 2.983247480000001
145 74 20.857091410000002 5.7517011600000005
145 75 19.478545005 6.52734551
145 76 18.54197531 7.434252750000001
146 67 11.51244097 1.8496134299999998
146 71 15.816452265 4.06914957
146 72 17.573835850000002 3.9140207
146 73 20.07837054 1.7541495100000013
146 74 21.17278906 6.22902076
146 75 20.07837054 5.90683003
146 76 18.384126485 7.02853109
147 67 10.71267359 1.7541495100000013
147 71 15.669126695000001 3.94981967
147 72 17.30023122 3.24577326
147 73 20.09941705 0.4295876200000013
147 74 21.477963455 6.8972682
147 75 20.77290537 4.868659900000001
147 76 18.036859070000002 6.68247438
147 77 21.214882080000002 7.87577338
148 67 9.502499265 -0.10739692999999839
148 71 15.479708105 3.26963924
148 72 17.38441726 3.030979440000001
148 73 20.425637955 -1.34842789
148 75 22.0988355 3.4486340900000005
148 76 17.2581382 6.58701046
148 77 20.22569611 7.0762630500000006
149 67 9.13418534 -0.01193300999999991
149 71 15.616510420000001 2.8758505700000008
149 72 17.74220793 2.338866020000001
149 73 19.583777555 -4.3794073499999975
149 75 22.96174241 2.1837371500000007
149 76 16.952963805 6.55121149
149 77 20.09941705 6.51541252
150 67 9.49197601 -0.2267268299999987
150 71 15.616510420000001 2.1956701400000007
150 72 17.815870715 1.7780154900000014
150 72 19.604824065000003 -6.324484719999997
150 75 24.35081207 0.5011855600000015
150 76 16.94244055 6.169355810000001
150 77 19.689010105 6.109690860000001
151 67 9.4709295 -1.5870876899999988
151 71 15.248196495 1.5870876500000008
151 72 17.82639397 0.9546391800000009
151 72 19.19441712 -8.794613649999999
151 75 24.992730625 -2.0644072899999983
151 76 17.19499867 5.835232090000001
151 77 19.583777555 5.572706310000001
152 67 9.00790628 -2.7923196799999985
152 71 15.079824415000001 0.5727834999999999
152 72 18.152614875 0.023865960000000186
152 75 27.31836998 -5.1192527299999995
152 76 17.44755679 5.17891764
152 77 19.76267289 4.773195980000001
152 78 21.183312315000002 7.67291255
153 67 7.734592425000001 -4.892525920000001
153 71 15.17453371 -0.334123739999999
153 72 18.215754405000002 -0.990438189999999
153 75 31.538195235 -7.3865208299999985
153 76 18.026335815 4.53453618
153 77 20.288835640000002 3.7708248200000014
153 78 19.678486850000002 7.60131461
154 67 6.324476255 -6.205154819999997
154 71 14.96406861 -1.7780155299999993
154 72 18.18418464 -2.8639176199999987
154 76 21.625289025 2.362732000000001
154 77 18.857672960000002 3.675360900000001
154 78 18.257847425 7.2552579
155 67 4.56709267 -7.804175479999998
155 71 14.806219785000001 -3.4963660899999986
155 72 18.552498565 -4.260077450000001
155 76 22.972265665000002 0.4057216400000012
155 77 19.289126415000002 3.0787114000000013
155 78 17.500173065000002 7.0165981
155 79 21.50953322 7.3745878000000005
156 71 14.722033745000001 -5.31018057
156 72 19.141800845000002 -5.727835219999999
156 76 25.361044550000003 -3.0548454599999992
156 77 20.152033325 2.0405412700000003
156 78 16.952963805 6.62280943
156 79 20.404591445 7.18365996
157 71 14.195870995 -6.050025949999998
157 72 19.415405475 -6.76600535
157 76 28.844241955 -5.787500169999998
157 77 21.814707615 0.8591752600000007
157 78 16.58464988 6.0619589000000005
157 79 19.268079905 7.0523970700000005
158 71 13.227731535 -7.32685588
158 72 19.23651014 -8.197964149999997
158 77 23.31953308 -0.6563144699999999
158 78 16.33209176 5.548840330000001
158 79 18.605114840000002 6.813737270000001
159 77 25.855637535 -3.030979479999999
159 78 15.942731325 4.916391860000001
159 79 18.07895209 6.55121149
160 77 28.991567525 -5.226649639999998
160 78 15.721742970000001 4.1049485400000005
160 79 17.4686033 6.145489830000001
161 77 33.12720674 -7.219458969999998
161 78 15.374475555 2.7684536600000005
161 79 16.952963805 5.787500130000001
162 78 15.058777905000001 1.1575000100000015
162 79 16.56360337 5.27438156
163 78 15.1534872 -1.0739691199999992
163 79 16.069010385000002 4.48680422
164 78 15.479708105 -4.60613416
164 79 15.332382535 3.92595369
165 78 16.658312665 -6.4318816299999995
165 79 14.595754685000001 2.6849227300000003
166 79 14.58523143 1.4319587800000004
167 79 14.43790586 0.11932988000000044
167 80 20.530870505 7.410386770000001
167 81 21.15174255 7.31492285
168 79 14.259010525 -2.1002062599999984
168 80 19.057614805 7.18365996
168 81 19.815289165 7.088196040000001
169 79 14.174824485 -5.548840369999997
169 80 18.3104637 6.766005310000001
169 81 19.310172925 6.96886614
170 79 13.932789620000001 -8.018969299999998
170 80 18.0999986 6.467680560000001
170 81 19.425928730000003 6.58701046
171 80 17.76325444 6.01422694
171 81 19.29964967 6.169355810000001
172 80 17.068719610000002 5.703969200000001
172 81 18.994475275 5.668170230000001
173 80 16.826684745 4.976056810000001
173 81 18.81557994 5.059587740000001
173 82 21.330637885 7.123995010000001
174 80 16.279475485 4.343608340000001
174 81 18.33151021 4.319742360000001
174 82 20.993893725 6.6586084
175 80 15.74278948 3.20997429
175 81 18.35255672 3.32930419
175 82 20.972847215 6.28868571
176 80 15.121917435 2.219536120000001
176 81 18.12104511 2.255335090000001
176 82 20.6255798 5.87103106
176 83 21.50953322 7.088196040000001
177 80 14.911452335 0.7995103100000005
177 81 17.605405615000002 0.6563144300000001
177 82 20.615056545 5.31018053
177 83 19.931044970000002 6.7063403600000004
178 80 13.943312875 -1.682551609999999
178 81 17.48964981 -1.8496134699999995
178 82 20.152033325 4.55840216
178 83 18.784010175000002 6.24095375
179 80 12.743661805 -5.33404655
179 81 17.184475415 -4.832860969999999
179 82 19.310172925 3.579896980000001
179 83 17.80534746 5.692036210000001
180 80 10.92313869 -7.1120620599999995
180 81 17.51069632 -6.801804319999999
180 82 18.56302182 2.291134060000001
180 83 17.058196355 5.2266496
181 82 17.95267303 0.6921134000000002
181 83 16.39523129 4.248144420000001
182 82 16.500463840000002 -1.5751546999999988
182 83 15.80592901 3.7708248200000014
183 82 14.722033745000001 -5.071520769999999
183 83 15.353429045 2.5059278799999998
183 84 21.256975100000002 6.69440737
184 82 13.417150125000001 -7.076263089999998
184 83 14.595754685000001 1.0739690800000012
184 84 20.09941705 6.58701046
184 85 21.372730905 7.088196040000001
185 83 13.185638515 -1.0859021099999993
185 84 19.247033395000003 6.133556840000001
185 85 20.762382115 6.83760325
186 83 10.849475905 -4.999922829999999
186 84 18.784010175000002 5.823299100000001
186 85 20.025754265 6.825670260000001
186 86 21.17278906 6.7063403600000004
187 83 6.9769180650000004 -7.314922889999998
187 84 18.026335815 5.21471661
187 86 19.825812420000002 6.157422820000001
188 84 17.173952160000002 4.46293824
188 85 19.373312455 6.3841496300000005
188 86 18.3104637 5.7517011600000005
189 84 17.068719610000002 3.556031000000001
189 85 18.79453343 6.145489830000001
189 86 16.216335955 5.91876302
189 87 21.40430067 7.50585069
190 84 16.6267429 2.4581959200000014
190 85 18.131568365 5.847165080000001
190 86 14.511568645 4.391340300000001
190 87 18.868196215 7.2552579
191 84 16.342615015 0.8949742300000008
191 85 17.647498635 5.608505280000001
191 86 12.985696670000001 3.4486340900000005
191 87 16.710928940000002 6.801804280000001
192 84 16.153196425 -1.34842789
192 85 16.98453357 5.14311867
192 86 11.544010735 2.2076031300000007
192 87 14.648370960000001 5.668170230000001
193 84 14.764126765 -4.63000014
193 85 16.58464988 4.844793920000001
193 86 10.133894565 0.7398453600000003
193 87 13.74337103 4.856726910000001
194 84 12.77523157 -6.467680599999998
194 86 8.008197055 -1.4796907799999985
194 85 16.489940585 4.415206280000001
194 87 13.65918499 3.0667784100000013
195 85 16.237382465 3.89015472
195 86 5.09325542 -4.77319602
195 87 13.417150125000001 0.08353091000000035
195 88 21.13069604 7.27912388
196 86 2.073081235 -7.171727009999998
196 87 12.175406035 -4.832860969999999
196 85 15.963777835 3.3651031600000003
196 88 20.025754265 7.18365996
197 85 15.65860344 3.1264433600000014
197 88 19.00499853 6.6586084
198 85 15.121917435 2.279201070000001
198 88 17.900056755 6.467680560000001
199 85 14.848312805 1.3484278500000002
199 88 16.952963805 6.03809292
200 85 14.56418492 0.2505927700000008
200 88 15.953254580000001 5.513041360000001
201 85 14.50104539 -1.1455670599999994
201 88 15.30081277 5.023788770000001
202 85 14.322150055 -2.5059279199999978
202 88 14.974591865 4.58226814
203 85 14.522091900000001 -4.8209279800000004
203 88 14.890405825 3.8066237899999997
203 89 21.48848671 7.56551564
204 85 14.132731465 -5.811366149999998
204 88 14.60627794 2.7923196400000005
204 89 21.267498355 7.27912388
205 85 13.574998950000001 -7.100129069999998
205 88 14.132731465 1.2171649599999999
205 89 21.109649530000002 7.00466511
205 90 35.46336935 -5.859098109999998
205 91 38.641392360000005 -6.276752759999997
206 85 11.933371170000001 -9.212268299999998
206 88 13.42767338 -1.1932990199999995
206 89 20.94127745 6.57507747
206 90 30.433253460000003 -4.546469209999998
206 91 34.800404285 -4.916391899999997
207 88 12.48058043 -3.8543557899999996
207 89 20.194126345 6.133556840000001
207 90 27.402556020000002 -2.9235825700000007
207 91 31.00150923 -2.3627320399999974
208 88 11.72290607 -6.312551729999999
208 89 19.225986885 5.536907340000001
208 90 25.045346900000002 -0.4057216799999992
208 91 28.570637325 -0.2863917799999989
208 92 21.34116114 6.92113418
209 88 9.17627836 -9.05713943
209 89 17.97371954 4.820927940000001
209 90 23.940405125 1.3484278500000002
209 91 27.02371884 1.1932989800000016
209 92 21.19383557 6.69440737
210 89 16.468894075 4.06914957
210 90 23.224823785 2.66105675
210 91 25.266335255 2.52979386
210 92 20.362498425000002 6.3841496300000005
210 93 25.57150965 -6.396082659999998
211 89 15.1534872 2.959381500000001
211 90 22.37244013 3.5321650200000008
211 91 24.4139516 3.0548454200000013
211 92 19.289126415000002 6.01422694
211 93 23.098544725 -4.4868042599999995
212 89 14.301103545 1.3961598100000003
212 90 22.035695970000003 4.391340300000001
212 91 23.666800495 3.7708248200000014
212 92 18.426219505000002 5.4175774400000005
212 93 22.446102915 -1.610953669999999
212 94 21.362207650000002 7.66097956
213 89 13.217208280000001 -0.8949742699999987
213 90 21.214882080000002 4.928324850000001
213 91 22.98278892 4.71353103
213 92 17.59488236 4.808994950000001
213 93 22.277730835 0.5489175200000016
213 94 20.22569611 7.147860990000001
214 89 11.091510770000001 -4.522603229999998
214 90 20.58348678 5.21471661
214 91 22.37244013 5.560773320000001
214 92 16.974010315 3.7827578099999997
214 93 22.214591305000003 1.9808763200000001
214 94 18.81557994 6.98079913
215 89 7.492557560000001 -6.3722166799999975
215 90 19.920521715 5.608505280000001
215 91 21.793661105 5.91876302
215 92 16.258428975 3.0906443900000014
215 93 21.825230870000002 3.17417532
215 94 17.521219575 6.813737270000001
216 90 19.48906826 6.00229395
216 91 21.23592859 6.33641767
216 92 16.153196425 1.5751546600000008
216 93 21.330637885 4.176546480000001
216 94 16.279475485 6.419948600000001
216 95 34.758311265 -5.5011084100000005
217 90 19.27860316 6.3841496300000005
217 91 20.825521645000002 6.7063403600000004
217 92 15.900638305000001 0.08353091000000035
217 93 20.783428625000003 4.832860930000001
217 94 15.185056965000001 5.97842797
217 95 30.66476507 -2.959381539999999
218 90 19.48906826 6.64667541
218 91 20.888661175 6.419948600000001
218 92 15.111394180000001 -2.4343299799999976
218 93 20.046800775 5.21471661
218 94 14.50104539 5.560773320000001
218 95 28.223369910000002 -0.32219074999999897
219 90 20.467730975000002 6.87340222
219 91 21.467440200000002 6.55121149
219 92 14.37476633 -5.28631459
219 93 19.573254300000002 5.656237240000001
219 94 14.47999888 5.11925269
219 95 25.90825381 1.5393556900000007
220 92 14.490522135 -7.88770641
220 93 19.88895195 6.169355810000001
220 94 14.301103545 4.52260319
220 95 23.866742340000002 2.959381500000001
220 96 33.29557882 -4.856726949999999
221 93 20.909707685 6.503479530000001
221 94 14.3116268 3.8066237899999997
221 95 22.824940095000002 3.84242276
221 96 29.73871863 -2.649123799999998
222 94 14.385289585 2.923582530000001
222 95 22.01464946 4.70159804
222 96 27.034242095 -0.5489175599999996
223 94 14.616801195 1.89734539
223 95 21.099126275 5.33404651
223 96 25.203195725 1.014304130000001
224 94 14.427382605 0.38185566000000115
224 95 20.572963525000002 5.787500130000001
224 96 24.224533010000002 2.4701289100000015
225 94 13.585522205 -1.99280935
225 95 20.66767282 6.33641767
225 96 23.27744006 3.4963660500000007
226 94 12.954126905 -5.226649639999998
226 95 21.04651 6.6586084
226 96 22.41453315 4.331675350000001
227 94 11.786045600000001 -6.837603289999997
227 96 21.63581228 4.797061960000001
228 96 21.099126275 5.23858259
228 97 36.273659985 -7.219458969999998
229 96 20.68871933 5.823299100000001
229 97 28.85476521 -5.0595877799999975
230 96 20.499300740000002 6.455747570000001
230 97 25.413660825 -2.935515559999999
230 98 21.53057973 7.0523970700000005
231 96 21.035986745000002 6.61087644
231 97 23.02488194 -0.17899486999999858
231 98 20.257265875 6.93306717
231 99 19.225986885 7.112062020000001
232 97 21.646335535000002 1.7541495100000013
232 96 21.477963455 7.18365996
232 98 19.457498495 6.419948600000001
232 99 18.110521855000002 6.84953624
233 97 21.06755651 3.1503093399999997
233 98 18.77348692 6.109690860000001
233 99 17.531742830000002 6.503479530000001
234 97 21.014940235 4.128814520000001
234 98 18.37360323 5.763634150000001
234 99 16.763545215 6.26481973
235 97 21.204358825 4.952190830000001
235 98 18.01581256 5.27438156
235 99 16.142673170000002 5.73976817
235 100 20.58348678 7.33878883
236 97 21.120172785 5.572706310000001
236 98 17.48964981 4.868659900000001
236 99 15.63755693 5.477242390000001
236 100 19.373312455 7.00466511
237 97 20.646626310000002 6.03809292
237 98 16.700405685 4.236211430000001
237 99 15.574417400000002 4.808994950000001
237 100 18.741917155 6.7182733500000005
237 101 21.467440200000002 7.29105687
238 97 20.594010035 6.443814580000001
238 98 15.963777835 3.3173712
238 99 15.469184850000001 4.307809370000001
238 100 18.05790558 6.34835066
238 101 20.173079835 7.112062020000001
239 97 21.225405335 6.7421393300000005
239 98 15.40604532 2.243402100000001
239 99 15.848022030000001 3.615695950000001
239 100 17.394940515000002 5.7517011600000005
239 101 19.352265945 6.86146923
240 98 14.33267331 0.9546391800000009
240 99 16.195289445 2.58945881
240 100 16.700405685 5.07152073
240 101 18.278893935 6.419948600000001
240 102 21.214882080000002 6.93306717
241 98 13.51185942 -0.8711082899999987
241 99 16.405754545 1.30069589
241 100 16.342615015 4.272010400000001
241 101 17.415987025 6.01422694
241 102 20.43616121 6.777938300000001
242 103 21.204358825 7.446185740000001
242 98 13.438196635 -2.9235825700000007
242 99 17.121335885 -0.5250515799999995
242 100 16.18476619 3.544098010000001
242 101 16.679359175000002 5.799433120000001
242 102 19.836335675 6.3960826200000005
243 104 21.204358825 6.8972682
243 98 12.806801335000001 -5.40564449
243 99 18.68930088 -3.0667784499999975
243 100 16.195289445 1.7183505400000012
243 101 16.047963875 5.7159021899999995
243 102 19.825812420000002 5.89489704
243 103 19.61534732 7.458118730000001
244 98 11.74395258 -7.13592804
244 99 20.81499839 -5.89489708
244 100 16.2058127 0.1789948300000006
244 101 15.490231360000001 5.3459795
244 102 19.9941845 5.620438270000001
244 103 18.131568365 6.83760325
244 104 20.530870505 7.100129030000001
245 105 21.08860302 6.86146923
245 99 24.14034697 -8.05476827
245 100 15.65860344 -2.7803866900000003
245 101 15.38499881 4.224278440000001
245 102 20.551917015 5.14311867
245 103 17.23709169 6.455747570000001
245 104 19.520638025 5.99036096
246 106 21.267498355 7.792242450000001
246 107 20.24674262 7.7087115200000005
246 100 15.164010455000001 -5.4175774799999985
246 101 15.04825465 3.3651031600000003
246 102 20.857091410000002 4.65386608
246 103 16.321568505000002 6.097757870000001
246 104 19.015521785 5.620438270000001
246 105 20.8360449 6.7421393300000005
247 100 14.79569653 -8.603685809999998
247 101 14.932498845000001 1.4080928000000004
247 102 21.55162624 3.7469588400000013
247 103 15.648080185000001 5.703969200000001
247 104 18.87871947 4.868659900000001
247 105 21.014940235 6.479613550000001
247 106 19.95209148 7.15979398
247 107 18.973428765 7.123995010000001
248 108 21.183312315000002 7.20752594
248 109 21.572672750000002 7.3865207900000005
248 101 14.890405825 -0.5369845699999996
248 102 22.35139362 2.887783560000001
248 103 15.185056965000001 5.17891764
248 104 18.87871947 3.92595369
248 105 20.509823995 4.868659900000001
248 106 18.889242725000003 7.19559295
248 107 17.889533500000002 6.801804280000001
249 101 15.879591795000001 -2.4343299799999976
249 110 21.351684395 7.7087115200000005
249 102 23.519474925 1.8018814700000014
249 103 14.806219785000001 4.0810825600000005
249 104 18.278893935 2.8758505700000008
249 105 21.23592859 3.019046450000001
249 106 18.089475345 6.7063403600000004
249 107 16.742498705 6.33641767
249 108 20.678196075000002 7.0404640800000005
249 109 20.046800775 7.6967785300000005
250 101 16.10058015 -5.489175419999999
250 102 24.51918415 0.2147938000000007
250 103 14.322150055 2.7326546900000004
250 104 17.784300950000002 2.0405412700000003
250 105 20.404591445 0.7637113400000004
250 106 17.40546377 6.28868571
250 107 15.774359245000001 6.01422694
250 108 20.488777485 6.455747570000001
250 109 18.552498565 7.112062020000001
250 110 19.84685893 7.48198471
251 101 15.19558022 -8.018969299999998
251 102 25.708311965 -1.8973454299999997
251 103 13.448719890000001 1.3961598100000003
251 104 17.76325444 1.31262888
251 105 15.9953476 -3.5082990800000005
251 106 16.784591725000002 5.88296405
251 107 15.142963945 5.501108370000001
251 108 20.33092866 5.465309400000001
251 109 17.36337075 6.88533521
251 110 19.310172925 6.84953624
252 102 26.929009545 -5.1192527299999995
252 103 12.007033955 -1.5751546999999988
252 104 16.816161490000002 -3.030979479999999
252 106 16.468894075 5.29824754
252 107 14.60627794 4.808994950000001
252 108 20.888661175 4.70159804
252 109 16.047963875 6.7302063400000005
252 110 18.678777625000002 6.63474242
253 102 29.191509370000002 -6.837603289999997
253 103 9.839243425000001 -4.976056849999999
253 104 17.142382395000002 -5.91876306
253 106 16.384708035 4.53453618
253 107 14.090638445 4.272010400000001
253 108 22.067265735 3.90208771
253 109 15.185056965000001 5.93069601
253 110 18.036859070000002 6.27675272
254 103 5.97720884 -7.577448669999999
254 104 17.08976612 -8.54402086
254 106 16.405754545 3.8066237899999997
254 107 14.027498915 3.4247681100000005
254 108 24.024591165 3.1383763499999997
254 109 14.543138410000001 5.38177847
254 110 17.44755679 5.823299100000001
255 106 16.92139404 2.8400516000000007
255 107 14.027498915 2.4701289100000015
255 108 26.076625890000003 2.0047423
255 109 13.701278010000001 5.524974350000001
255 110 16.826684745 5.787500130000001
256 106 17.23709169 1.670618580000001
256 107 13.774940795000001 1.3484278500000002
256 108 28.486451285 0.11932988000000044
256 109 13.448719890000001 4.04528359
256 110 16.132149915 5.1073197
257 106 17.079242865 0.15512885000000054
257 107 13.17511526 -0.4773196199999994
257 108 32.043311475 -1.658685629999999
257 109 12.259592075 3.007113460000001
257 110 15.563894145 4.272010400000001
257 111 29.48616051 -6.097757909999999
258 106 16.279475485 -2.243402139999999
258 107 11.82813862 -2.73265473
258 108 38.073136590000004 -5.047654789999999
258 109 11.74395258 3.019046450000001
258 110 15.30081277 3.83048977
258 111 25.813544515 -3.94981971
258 112 30.170172085 -7.291056909999998
258 113 36.87348552 -6.76600535
258 114 21.34116114 7.20752594
259 106 16.047963875 -5.178917679999998
259 107 9.902382955 -5.990361
259 109 11.312499125 0.6682474200000001
259 110 14.69046398 2.3985309700000013
259 111 24.108777205000003 -0.39378868999999916
259 112 25.224242235000002 -5.202783659999998
259 113 30.570055775 -4.892525920000001
259 114 20.66767282 7.088196040000001
260 115 21.29906812 7.0762630500000006
260 116 20.8360449 7.17172697
260 106 16.069010385000002 -7.147861029999998
260 107 7.166336655 -8.32922704
260 109 10.407499195 -2.5059279199999978
260 110 14.069591935 1.3364948600000002
260 111 23.17220751 2.5059278799999998
260 112 22.183021540000002 -2.4104639999999975
260 113 27.349939745 -1.5393557299999987
260 114 19.63639383 6.813737270000001
261 117 32.285346340000004 -6.909201229999997
261 119 8.723778395 -5.7159022299999975
261 110 13.680231500000001 -0.7875773599999984
261 111 22.256684325000002 3.28157223
261 112 21.23592859 0.15512885000000054
261 113 25.161102705 0.7756443300000004
261 114 18.552498565 6.51541252
261 115 20.594010035 6.84953624
261 116 20.036277520000002 7.0762630500000006
262 118 21.40430067 7.60131461
262 109 7.755638935 -8.090567239999999
262 110 12.66999902 -3.7111599099999992
262 111 21.50953322 4.260077410000001
262 112 21.17278906 1.7302835300000012
262 113 23.519474925 2.4462629300000014
262 114 17.542266085 6.0738918900000005
262 115 19.815289165 6.28868571
262 116 19.110231080000002 6.87340222
262 117 27.760346690000002 -5.155051699999998
263 110 11.449301440000001 -6.324484719999997
263 111 21.435870435000002 4.808994950000001
263 112 20.530870505 3.18610831
263 113 22.888079625 3.579896980000001
263 114 16.868777765 5.799433120000001
263 115 19.02604504 5.775567140000001
263 116 18.247324170000002 6.3960826200000005
263 117 26.076625890000003 -1.8376804799999995
263 118 20.37302168 7.3865207900000005
264 119 21.014940235 7.9712373
264 120 31.727613825000002 -6.097757909999999
264 110 9.860289935 -8.675283749999998
264 111 21.120172785 5.20278362
264 112 20.33092866 3.9975516300000002
264 113 22.319823855 4.391340300000001
264 114 16.489940585 5.26244857
264 115 18.247324170000002 5.059587740000001
264 116 17.289707965 6.0738918900000005
264 117 24.329765560000002 0.23865978000000077
264 118 19.425928730000003 7.20752594
265 121 21.562149495 7.50585069
265 111 20.699242585 6.02615993
265 112 20.046800775 4.68966505
265 113 21.940986675 5.4295104300000006
265 114 16.342615015 4.785128970000001
265 115 17.74220793 4.295876380000001
265 116 16.247905720000002 6.097757870000001
265 117 22.572381975000003 2.1360051900000006
265 118 18.299940445 7.17172697
265 119 19.710056615 7.6967785300000005
265 120 27.42360253 -4.4032733299999975
266 111 20.320405405000002 6.6586084
266 112 19.44697524 5.513041360000001
266 113 21.141219295000003 6.109690860000001
266 114 16.01639411 3.97368565
266 115 17.668545145 3.5082990400000007
266 116 15.669126695000001 5.596572290000001
266 117 21.719998320000002 3.22190728
266 118 17.394940515000002 7.135928000000001
266 119 18.489359035 7.31492285
266 120 25.02430039 -1.3006959299999998
266 121 19.931044970000002 7.434252750000001
267 114 15.80592901 3.4247681100000005
267 112 19.51011477 6.3006187
267 113 21.08860302 6.7182733500000005
267 115 18.068428835000002 2.279201070000001
267 116 15.142963945 4.331675350000001
267 120 23.31953308 0.8711082500000007
267 117 20.467730975000002 3.85435575
267 118 16.426801055000002 6.777938300000001
267 119 17.44755679 7.27912388
267 121 18.741917155 6.64667541
267 122 36.97871807 -7.577448669999999
268 112 19.573254300000002 6.88533521
268 113 21.141219295000003 6.90920119
268 114 15.416568575000001 2.1479381800000006
268 115 18.036859070000002 0.8711082500000007
268 116 14.79569653 3.85435575
268 117 20.194126345 4.48680422
268 118 15.669126695000001 6.754072320000001
268 119 16.447847565 7.0165981
268 120 22.319823855 2.3865979800000012
268 121 17.931626520000002 6.419948600000001
268 122 30.485869735 -5.42951047
269 112 20.8360449 7.088196040000001
269 114 15.574417400000002 0.8711082500000007
269 115 18.447266015 -1.3364949
269 116 14.79569653 2.8639175800000007
269 117 19.731103125 5.2266496
269 118 14.92197559 6.0858248800000005
269 119 15.67964995 6.8972682
269 120 21.362207650000002 3.4605670800000006
269 121 17.30023122 5.835232090000001
269 122 26.508079345000002 -2.5655928699999997
270 114 15.932208070000001 -0.5250515799999995
270 115 19.815289165 -4.952190869999999
270 116 15.490231360000001 2.279201070000001
270 117 19.520638025 5.847165080000001
270 118 14.08011519 5.668170230000001
270 119 14.974591865 6.58701046
270 120 20.52034725 4.319742360000001
270 121 17.394940515000002 5.33404651
270 122 23.84569583 -0.01193300999999991
271 123 20.857091410000002 7.458118730000001
271 124 21.572672750000002 7.35072182
271 114 15.795405755 -3.209974329999998
271 115 22.24616107 -7.0881960799999995
271 116 16.28999874 1.90927838
271 118 13.290871065000001 5.20278362
271 119 14.269533780000001 5.656237240000001
271 120 20.130986815 4.976056810000001
271 121 17.815870715 4.856726910000001
271 122 22.45662617 1.5274227000000007
272 114 15.690173205 -5.8710311
272 116 17.289707965 -0.6563144699999999
272 118 12.806801335000001 4.54646917
272 119 13.795987305 5.584639300000001
272 120 19.63639383 5.501108370000001
272 121 17.857963735000002 4.42713927
272 122 21.930463420000002 3.0548454200000013
272 123 19.689010105 7.410386770000001
272 124 20.6255798 7.98317029
272 117 21.02546349 6.3960826200000005
273 114 15.732266225 -8.138299199999999
273 116 17.921103265 -3.6276289799999972
273 118 12.270115330000001 4.1049485400000005
273 119 13.15406875 4.940257840000001
273 120 19.731103125 6.28868571
273 121 18.868196215 3.28157223
273 122 21.55162624 4.164613490000001
273 123 18.636684605 7.088196040000001
273 124 19.34174269 7.88770637
274 116 18.426219505000002 -6.64667545
274 118 10.98627822 3.3412371800000003
274 119 12.501626940000001 4.403273290000001
274 120 20.183603090000002 6.92113418
274 121 19.320696180000002 2.0047423
274 122 21.267498355 4.868659900000001
274 123 17.65802189 6.801804280000001
274 124 18.868196215 6.68247438
274 125 18.426219505000002 7.88770637
275 116 19.3627892 -9.64185594
275 118 9.923429465 2.4939948899999997
275 119 11.964940935000001 3.699226880000001
275 120 21.120172785 7.470051720000001
275 121 19.76267289 0.6801804100000002
275 122 21.078079765000002 5.620438270000001
275 123 16.710928940000002 6.491546540000001
275 124 17.900056755 6.419948600000001
275 125 17.51069632 7.57744863
275 126 39.178078365000005 -6.0738919299999985
276 118 9.302557420000001 1.3842268200000003
276 119 11.438778185 3.0906443900000014
276 121 19.573254300000002 -1.34842789
276 122 20.678196075000002 6.181288800000001
276 123 15.89011505 6.00229395
276 124 17.27918471 6.03809292
276 125 16.700405685 7.0643300600000005
276 126 32.969357915 -4.212345490000001
277 127 19.86790544 6.51541252
277 118 8.37651098 0.1431958600000005
277 119 10.807382885 1.8138144600000015
277 121 20.341451915 -4.355541369999997
277 122 20.81499839 6.3006187
277 123 15.458661595 5.441443420000001
277 124 16.868777765 5.548840330000001
277 125 15.595463910000001 6.789871290000001
277 126 28.612730345000003 -1.1097680899999993
278 118 7.28209246 -1.7422165599999992
278 119 10.554824765000001 0.6682474200000001
278 121 21.856800635000003 -6.324484719999997
278 122 21.309591375 6.789871290000001
278 123 15.006161630000001 4.904458870000001
278 124 16.468894075 5.14311867
278 125 14.69046398 5.835232090000001
278 126 26.129242165 1.25296393
278 127 18.257847425 6.169355810000001
279 128 34.947729855 -4.916391899999997
279 118 5.6825577 -4.546469209999998
279 119 9.93395272 -1.0859021099999993
279 123 14.71151049 4.52260319
279 124 16.26895223 4.6300001
279 125 13.84860358 5.584639300000001
279 126 24.26662603 2.7445876800000004
279 127 16.963487060000002 5.703969200000001
280 118 3.4831974050000003 -6.7540723599999986
280 119 8.976336515 -3.4009021699999984
280 123 14.50104539 3.7946907999999997
280 124 16.2058127 3.97368565
280 125 13.459243145 4.60613412
280 126 22.909126135 3.7111598700000012
280 127 15.753312735000002 5.536907340000001
280 128 30.727904600000002 -2.4939949299999995
281 119 7.671452895000001 -5.811366149999998
281 123 14.20639425 3.18610831
281 124 16.153196425 3.28157223
281 125 12.954126905 4.0333506
281 126 21.80418436 4.72546402
281 127 15.185056965000001 4.892525880000001
281 128 27.48674206 0.16706184000000057
282 119 6.06139488 -7.828041459999998
282 123 13.91174311 2.267268080000001
282 124 16.216335955 2.315000040000001
282 125 12.733138550000001 3.1383763499999997
282 126 21.19383557 5.29824754
282 127 14.900929080000001 4.00948462
282 128 25.413660825 1.96894333
283 129 30.022846515 -7.91157239
283 130 38.283601690000005 -5.96649502
283 123 13.838080325 0.7875773200000005
283 124 16.132149915 0.9427061900000009
283 125 12.575289725000001 2.4104639600000013
283 126 20.509823995 6.0619589000000005
283 127 14.648370960000001 3.8185567799999998
283 128 24.11930046 3.3770361500000003
284 131 27.865579240000002 -7.637113619999997
284 123 13.311917575 -1.1575000499999994
284 124 16.12162666 -0.7995103499999985
284 125 12.08069674 1.1336340300000014
284 128 23.351102845 4.164613490000001
284 126 20.425637955 6.34835066
284 127 14.47999888 3.1025773800000014
284 129 25.750404985 -4.713531069999998
284 130 34.38999734 -3.97368569
285 132 36.8313925 -7.052397109999998
285 123 12.08069674 -3.639561969999999
285 124 15.30081277 -3.4725001099999986
285 125 11.796568855 0.8830412400000007
285 126 21.04651 6.801804280000001
285 127 13.943312875 2.1479381800000006
285 128 22.109358755000002 5.1073197
285 129 23.34057959 -0.7279124099999983
285 130 31.06464876 -1.3722938699999983
285 131 24.045637675000002 -5.023788809999999
286 123 10.512731745 -5.835232129999998
286 124 14.700987235000001 -5.96649502
286 125 10.75476661 -0.8472423099999986
286 127 13.65918499 0.59664948
286 128 21.15174255 5.99036096
286 129 21.962033185 1.5632216700000008
286 130 28.044474575000002 0.45345360000000134
286 131 21.109649530000002 -1.98087636
286 132 31.201451075 -4.415206319999999
287 133 25.939823575000002 -5.990361
287 123 8.6290691 -7.95930435
287 124 14.269533780000001 -7.93543837
287 125 8.955290005 -3.31737124
287 127 13.090929220000001 -1.0381701499999991
287 128 20.825521645000002 6.31255169
287 129 20.499300740000002 2.2076031300000007
287 130 25.960870085 2.4343299400000014
287 131 18.489359035 0.966572170000001
287 132 27.897149005000003 -0.16706187999999855
288 134 34.779357775 -6.312551729999999
288 125 7.881917995 -7.25525794
288 127 12.35430137 -4.77319602
288 128 20.73081235 6.467680560000001
288 129 20.12046356 3.591829970000001
288 130 24.571800425000003 3.5082990400000007
288 131 17.13185914 2.4820619000000015
288 132 25.539939885000003 0.7517783500000004
288 133 22.656568015 -3.99755167
289 127 12.175406035 -6.7302063799999985
289 128 21.109649530000002 7.0523970700000005
289 129 19.625870575 4.952190830000001
289 130 24.087730695 3.579896980000001
289 131 16.90034753 3.579896980000001
289 132 23.67732375 2.0405412700000003
289 133 20.152033325 -0.6682474599999999
289 134 29.454590745 -4.1884795100000005
290 135 37.494357565 -6.145489869999999
290 136 20.6255798 7.27912388
290 127 11.00732473 -9.164536339999998
290 129 19.310172925 5.668170230000001
290 130 23.42476563 4.45100525
290 131 16.826684745 4.68966505
290 132 22.540812210000002 3.3770361500000003
290 133 19.04709155 1.3484278500000002
290 134 26.529125855 -1.1813660299999995
291 129 19.48906826 5.692036210000001
291 130 22.49871919 4.832860930000001
291 131 17.08976612 5.3459795
291 132 21.246451845 4.176546480000001
291 133 18.615638095 2.911649540000001
291 134 24.287672540000003 0.6443814400000001
291 135 32.695753285 -4.665799109999998
291 136 19.48906826 7.410386770000001
292 129 20.046800775 6.467680560000001
292 130 21.63581228 5.4175774400000005
292 131 17.415987025 6.3960826200000005
292 132 19.9941845 4.808994950000001
292 133 18.194707895 4.1049485400000005
292 134 23.04592845 2.291134060000001
292 135 29.00209078 -1.9689433699999999
292 136 18.194707895 6.83760325
293 130 21.246451845 6.109690860000001
293 131 18.64720786 6.4080156100000005
293 132 19.646917085000002 5.35791249
293 133 17.84744048 5.07152073
293 134 22.530288955 3.3770361500000003
293 135 26.802730485 -0.05966497000000004
293 136 16.321568505000002 6.7063403600000004
294 130 21.256975100000002 6.31255169
294 131 20.173079835 6.63474242
294 132 19.215463630000002 5.799433120000001
294 133 17.879010245 5.90683003
294 134 21.646335535000002 4.319742360000001
294 135 25.034823645 1.4916237300000006
294 136 14.974591865 6.21708777
295 137 29.896567455 -6.06195894
295 130 21.162265805 6.62280943
295 132 19.55220779 6.26481973
295 133 18.20523115 6.24095375
295 134 20.98337047 4.940257840000001
295 135 23.772033045 2.58945881
295 136 14.048545425 5.835232090000001
296 132 20.825521645000002 7.0165981
296 133 18.83662645 6.6586084
296 134 20.488777485 5.489175380000001
296 135 23.056451705 4.343608340000001
296 136 13.311917575 5.26244857
296 137 22.088312245 -0.17899486999999858
297 138 21.34116114 7.792242450000001
297 133 20.278312385 7.36265481
297 134 20.551917015 5.93069601
297 135 22.33034711 4.200412460000001
297 136 12.912033885000001 4.72546402
297 137 19.34174269 3.25770625
298 139 20.993893725 7.66097956
298 138 20.183603090000002 7.64904657
298 134 20.37302168 6.36028365
298 135 21.877847145 4.7373970100000005
298 136 12.764708315 4.0930155500000005
298 137 18.28941719 5.31018053
299 139 19.678486850000002 7.2552579
299 135 21.34116114 5.3937114600000005
299 136 12.049126975 3.3412371800000003
299 137 18.752440410000002 6.31255169
299 138 19.00499853 7.780309460000001
299 140 21.330637885 7.99510328
